version https://git-lfs.github.com/spec/v1
oid sha256:efd97578565b14e04d24405b013f8fd93a5fcc97210f03a34d2750dae81646bb
size 286130
